lastAccountName: ncajoles
timestamps:
  login: 1470037472612
  logout: 1470046627787
ipAddress: 95.148.33.89
lastlocation:
  world: world
  x: 218.5
  y: 67.0
  z: 243.5
  yaw: 0.0
  pitch: 0.0
logoutlocation:
  world: world
  x: 225.98599123813688
  y: 66.5
  z: 132.05057578741312
  yaw: -349.63257
  pitch: 18.749989
