lastAccountName: ncajoles
timestamps:
  login: 1471193697412
  logout: 1471196252046
ipAddress: 95.147.204.48
lastlocation:
  world: world
  x: 218.5
  y: 67.0
  z: 243.5
  yaw: 0.0
  pitch: 0.0
logoutlocation:
  world: world
  x: 241.78859040270498
  y: 64.1212968405392
  z: 269.29367439184756
  yaw: -219.58862
  pitch: 10.350099
