lastAccountName: ncajoles
timestamps:
  login: 1470061525596
  logout: 1470061806836
ipAddress: 95.148.33.89
lastlocation:
  world: world
  x: 232.5
  y: 73.0
  z: 252.5
  yaw: 0.0
  pitch: 0.0
logoutlocation:
  world: world
  x: 235.10505640989967
  y: 66.9375
  z: 125.31504057252846
  yaw: -82.3512
  pitch: 42.600063
