lastlocation:
  world: world
  x: 221.98633480361923
  y: 250.23152379758702
  z: 284.1203833321688
  yaw: 230.2159
  pitch: -2.2500134
lastAccountName: TheLiamo
timestamps:
  login: 1470933134206
  lastteleport: 1470933003085
  logout: 1470933975494
ipAddress: 31.53.138.221
logoutlocation:
  world: world
  x: 318.8245001860305
  y: 80.0
  z: 241.5468103588591
  yaw: 269.69482
  pitch: 11.100049
