lastAccountName: rights4muffins
timestamps:
  login: 1470400504988
  logout: 1470401712018
  lastteleport: 1470401448018
ipAddress: 109.153.39.193
lastlocation:
  world: world
  x: 95.30000001192093
  y: 11.0
  z: 264.9871920587378
  yaw: 180.30376
  pitch: 18.300238
logoutlocation:
  world: world
  x: 99.98602103422081
  y: 77.0
  z: 281.97545807322683
  yaw: 133.64111
  pitch: 1.9500285
homes:
  home:
    world: world
    x: 96.06239031001651
    y: 54.0
    z: 278.33476118597605
    yaw: 276.60007
    pitch: 57.149967
