lastAccountName: rights4muffins
timestamps:
  login: 1470350388544
  logout: 1470354623184
  lastteleport: 1470354340052
ipAddress: 109.153.39.193
lastlocation:
  world: world
  x: 205.74595669659928
  y: 70.0
  z: 153.32213419835935
  yaw: -303.29877
  pitch: 11.100113
logoutlocation:
  world: world
  x: 101.3075090345424
  y: 77.5
  z: 280.2960281436089
  yaw: 6.749383
  pitch: 27.749876
homes:
  home:
    world: world
    x: 96.06239031001651
    y: 54.0
    z: 278.33476118597605
    yaw: 276.60007
    pitch: 57.149967
