lastAccountName: rights4muffins
timestamps:
  login: 1470233356803
  logout: 1470231907460
ipAddress: 109.149.227.205
lastlocation:
  world: world
  x: 220.5
  y: 64.0
  z: 261.5
  yaw: 0.0
  pitch: 0.0
logoutlocation:
  world: world
  x: 99.65515946502126
  y: 40.0
  z: 122.22021480731496
  yaw: -0.5926505
  pitch: 21.450115
