lastAccountName: GTBebbo
timestamps:
  login: 1470084570205
  logout: 1470089144746
ipAddress: 92.11.101.19
lastlocation:
  world: world
  x: 230.5
  y: 67.0
  z: 247.5
  yaw: 0.0
  pitch: 0.0
logoutlocation:
  world: world
  x: 320.5
  y: 77.0
  z: 284.5
  yaw: -43.03479
  pitch: 52.50002
