lastAccountName: GTBebbo
timestamps:
  login: 1470417491177
  logout: 1470353883954
  lastteleport: 1470353638080
ipAddress: 92.11.101.19
lastlocation:
  world: world
  x: 310.6574782954366
  y: 82.0
  z: 226.51554862039987
  yaw: -17.383043
  pitch: 34.95
logoutlocation:
  world: world
  x: 320.1533450181031
  y: 77.0
  z: 267.3741593074122
  yaw: 192.0168
  pitch: 15.5999
homes:
  home:
    world: world
    x: 321.6492517879681
    y: 77.0
    z: 275.4358403648996
    yaw: -271.18335
    pitch: -2.1000552
nickname: TheChosenJuan
godmode: false
afk: false
