lastAccountName: CaptainBetts
timestamps:
  login: 1470048133272
  logout: 1470048131396
  lastteleport: 1470007692267
ipAddress: 88.202.251.56
lastlocation:
  world: world
  x: 238.67699833276797
  y: 64.0
  z: 271.13250843824005
  yaw: 332.85
  pitch: -76.95
logoutlocation:
  world: world
  x: 4244.482497889599
  y: 49.59999880194664
  z: 2593.4156359957283
  yaw: 286.56296
  pitch: -77.699974
