lastAccountName: GTBebbo
timestamps:
  login: 1470264668402
  logout: 1470007583159
ipAddress: 92.11.101.19
lastlocation:
  world: world
  x: 228.5
  y: 66.0
  z: 258.5
  yaw: 0.0
  pitch: 0.0
logoutlocation:
  world: world
  x: 319.5656647410118
  y: 78.0
  z: 263.6988056758823
  yaw: -23.54717
  pitch: 7.34999
