lastAccountName: Diplomat421
timestamps:
  login: 1470909191139
  lastteleport: 1470913932551
  logout: 1470913961106
ipAddress: 81.110.98.62
lastlocation:
  world: world
  x: 200.80401189580462
  y: 66.0
  z: 295.8297608391798
  yaw: -142.19986
  pitch: 22.950054
homes:
  home:
    world: world
    x: 253.39039738701857
    y: 60.0
    z: 62.30000001192097
    yaw: 11.838806
    pitch: 21.150066
logoutlocation:
  world: world
  x: 172.69999998807907
  y: 58.5
  z: -961.1919098657712
  yaw: 191.26064
  pitch: -4.049951
