lastAccountName: CaptainBetts
timestamps:
  login: 1470411035605
  logout: 1470411318224
  lastteleport: 1470411254422
ipAddress: 88.202.251.56
lastlocation:
  world: world
  x: -1633.0818946368242
  y: 69.0
  z: 349.42961227545123
  yaw: 198.74963
  pitch: 24.000061
logoutlocation:
  world: world
  x: 1281.3414726250016
  y: 44.0
  z: 1879.698795251032
  yaw: 63.300743
  pitch: 15.299998
homes:
  home:
    world: world
    x: 1291.1635734018853
    y: 44.0
    z: 1880.0669527158016
    yaw: -269.39944
    pitch: 5.699982
nickname: Betts
