lastAccountName: CaptainBetts
timestamps:
  login: 1470074313008
  logout: 1470075034083
  lastteleport: 1470073430791
ipAddress: 88.202.251.56
lastlocation:
  world: world
  x: 1321.5062638825063
  y: 66.0
  z: 1856.4675285680864
  yaw: 142.50397
  pitch: 17.700018
logoutlocation:
  world: world
  x: 232.30000001192093
  y: 68.0
  z: 250.48750001192093
  yaw: -336.60007
  pitch: 32.999996
