lastAccountName: CaptainBetts
timestamps:
  login: 1470237057933
  logout: 1470233968682
  lastteleport: 1470237482607
ipAddress: 88.202.251.56
lastlocation:
  world: world
  x: 228.5
  y: 67.0
  z: 252.5
  yaw: 0.0
  pitch: 0.0
logoutlocation:
  world: world
  x: 367.75037055127825
  y: 100.85999891161919
  z: 379.49167089556613
  yaw: -31.349936
  pitch: 16.500015
homes:
  home:
    world: world
    x: 1284.1897942040082
    y: 40.0
    z: 1861.939559981165
    yaw: 324.5975
    pitch: 6.599846
nickname: Betts
