lastAccountName: CaptainBetts
timestamps:
  login: 1470130168490
  logout: 1470130760444
  lastteleport: 1470097270895
ipAddress: 88.202.251.56
lastlocation:
  world: world
  x: 1285.699999988079
  y: 63.0
  z: 1862.3037875457476
  yaw: 312.58765
  pitch: 56.699978
logoutlocation:
  world: world
  x: 1278.1913418431436
  y: 40.0
  z: 1863.3559523750569
  yaw: 262.3465
  pitch: 25.499943
