lastAccountName: CaptainBetts
timestamps:
  login: 1470359690912
  logout: 1470364164232
  lastteleport: 1470362032731
ipAddress: 88.202.251.56
lastlocation:
  world: world
  x: 1280.8590162663806
  y: 44.0
  z: 1879.9699696505902
  yaw: -142.94937
  pitch: 5.999989
logoutlocation:
  world: world
  x: 1276.0655747302433
  y: 44.0
  z: 1880.3575300855566
  yaw: -103.516525
  pitch: 11.099992
homes:
  home:
    world: world
    x: 1291.1635734018853
    y: 44.0
    z: 1880.0669527158016
    yaw: -269.39944
    pitch: 5.699982
nickname: Betts
